31
100
554
719
779
790
806
811
844
854
875
885
887
901
943
959
994
1050
1094
1097
1100
1101
1102
1103
1104
1106
1107
1108
1109
1110
1111
1112
1113
1114
1115
1116
1117
1118
1119
1120
1121
1122
1123
1124
1125
1126
1127
1128
1129
1130
1131
1132
1133
1134
1135
1136
1191
1192
1240
1241
1244
1254
1292
1308
1311
1328
1496
1500
1501
1502
1503
1504
1507
1508
1509
1510
1511
1512
1513
1514
1515
1516
1517
1518
1519
1520
1521
1522
1523
1524
1526
1527
1528
1529
1530
1531
1532
1533
1534
1535
1536
1537
1538
1539
1540
1541
1542
1547
1548
1589
1618
1669
1736
1742
1753
1754
1755
1756
1765
1768
1769
1770
1771
1772
1773
1774
1775
1776
1777
1778
1779
1780
1781
1782
1783
1784
1785
1786
1787
1788
1790
1791
1792
1793
1794
1795
1796
1797
1798
1799
1800
1801
1802
1922
1929
1945
1977
2027
2062
2137
2175
2195
2232
2235
2236
2237
2238
2239
2240
2241
2242
2243
2244
2245
2246
2247
2248
2249
2250
2251
2252
2253
2254
2255
2256
2257
2258
2259
2260
2261
2262
2263
2264
2265
2266
2267
2268
2269
2270
2289
2296
2379
2446
2467
2502
2506
2536
2542
2543
2562
2570
2571
2587
2663
2717
2765
2782
2797
2829
2878
2880
2906
2907
2908
2909
2910
2911
2912
2913
2914
2915
2916
2917
2918
2919
2920
2992
3012
3013
3023
3068
3158
3237
3301
3302
3303
3304
3325
3328
3329
3401
3402
3403
3418
3480
3484
3485
3486
3487
3488
3490
3539
3543
3544
3612
3618
3638
3694
3695
3735
3768
3771
3790
3820
3825
3830
3834
4003
4008
4011
4015
4021
4023
4024
4025
4026
4031
4035
4039
4043
4070
4081
4093
4214
4216
4255
4269
4497
4554
4661
4665
4683
4700
4736
4752
4753
4764
4765
4766
4774
4782
4906
4963
4970
4977
5053
5055
5056
5057
5058
5059
5060
5063
5070
5071
5089
5112
5137
5166
5167
5168
5193
5232
5333
5397
5604
5618
5654
5698
5722
5723
5749
5790
6024
6035
6043
6089
6347
6363
6371
6372
6447
6521
6523
6562
6563
6564
6587
6680
6681
6707
6740
6741
6742
6782
6783
6784
6785
6786
6787
6788
6789
6790
6791
6792
6793
6843
6861
6923
6965
6992
7009
7067
7073
7108
7148
7172
7228
7235
7279
7282
7296
7310
7363
7364
7417
7444
7448
7451
7487
7700
7765
7775
7798
7805
7840
7844
7942
7986
7991
7998
8079
8094
8121
8152
8418
8499
8500
8510
8557
8598
8604
8606
8609
8688
8689
8714
8776
8875
8885
9050
9068
9070
9077
9079
9161
9162
9176
9321
9400
9419
9541
9617
9792
9829
9848
9971
9972
10039
10096
10250
10252
10336
10388
10467
10523
10541
10550
10587
10606
10620
10623
10656
10722
10734
10747
10847
10850
10865
10925
11020
11172
11283
11303
11346
11576
11633
11661
11759
11878
11946
11969
11999
12038
12039
12040
12098
12110
12141
12169
12173
12218
12220
12221
12222
12312
12578
12687
12794
12842
12915
12988
13005
13006
13039
13050
13084
13147
13275
13319
13329
13387
13408
13425
13483
13589
13664
13879
13894
14040
14062
14095
14246
14252
14322
14347
14417
14448
14460
14463
14467
14484
14508
14519
14548
14549
14588
14591
14602
14734
14771
14785
14786
14954
14994
15001
15007
15081
15153
15219
15290
15298
15311
15357
15378
15492
15519
15629
15744
15788
15850
15855
15878
15902
15983
16169
16198
16250
16267
16347
16379
16435
16635
16636
16659
16740
16753
16897
16916
17061
17091
17187
17218
17270
17581
17621
17719
17944
17960
18131
18163
18230
18285
18428
18550
18657
18677
18743
18769
18792
18799
19018
19028
19094
19101
19205
19393
19407
19435
19481
19559
19826
19904
19931
20172
20176
20177
20217
20225
20264
20288
20425
20890
20989
21020
21169
21334
21339
21350
21515
21570
21789
21849
21936
21937
21967
22104
22146
22188
22281
22488
22638
22695
22782
22791
22974
23041
23042
23043
23044
23045
23046
23053
23229
23234
23257
23464
23475
23893
24459
24500
24556
24607
24702
24761
24785
24914
25398
25531
25565
25585
25814
25984
26144
26178
26224
26226
26268
26494
26553
26628
26660
26661
26662
26663
26664
26665
26666
26730
26954
27072
27074
27109
27138
27201
27271
27273
27357
27458
27552
27670
27673
27761
27764
27792
27817
27880
28041
28051
28205
28232
28270
28305
28334
28415
28488
28492
28511
28527
28851
29221
29222
29223
29224
29225
29226
29227
29228
29229
29230
29231
29682
29684
29745
30012
30271
30505
30584
30846
30934
31029
31044
31112
31266
31303
31304
31374
31397
31463
31471
31506
31567
31579
31592
31667
32353
32419
32433
33080
33085
33321
33398
33403
33415
33430
33435
33567
33907
33957
33986
34004
34055
34184
34196
34207
34214
34343
34356
34357
34359
34360
34383
34473
34763
34860
34871
35000
35039
35170
35171
35173
35242
35303
35330
35342
35389
35451
35640
35688
35837
35959
35961
35989
36195
36214
36234
36256
36257
36307
36491
36515
36570
36575
36580
36590
36607
36609
36621
36636
36790
36984
37012
37140
37169
37179
37195
37416
37422
37431
37446
37503
37546
37645
37659
37667
37685
37788
37808
37923
37961
37962
37965
37967
37970
38349
38610
38653
38659
38664
38678
38711
38759
38877
38901
38909
38931
39022
39060
39133
39178
39243
39249
39402
39609
39708
39828
39973
40120
40426
40559
40639
40653
40700
40729
40736
40839
41033
41102
41242
41311
41328
41369
41383
41507
41589
41647
41653
41726
41739
41750
41885
41930
41949
42022
42068
42103
42123
42148
42395
42523
42704
42724
43185
43299
43304
43435
43440
43469
43490
43502
43536
43668
44015
44064
44065
44092
44221
44233
44302
44640
44829
45050
45057
45128
45160
45166
45209
45228
45357
45375
45571
45628
45760
45780
45781
45793
45794
45805
45806
46001
46044
46058
46091
46138
46185
46198
46207
46226
46240
46258
46298
46311
46312
46397
46412
46419
46420
46605
46756
46791
46918
46992
47156
47170
47218
47240
47241
47331
47379
47486
47518
47546
47559
47560
47561
47596
47604
47609
47635
47679
47715
47792
47826
47830
47875
47960
48143
48171
48246
48440
48474
48485
48538
48686
48707
48723
48749
48832
49007
49008
49180
49181
49198
49281
49295
49296
49297
49407
49422
49438
49461
49478
49480
49481
49550
49596
49602
49606
49665
49710
49728
49771
49778
49852
49882
49916
49918
49993
50012
50031
50095
50096
50097
50099
50150
50153
50180
50331
50385
50559
50601
50712
50820
50954
51113
51114
51180
51282
51356
51385
51473
51563
51564
51565
51566
51984
51985
52088
52096
52333
52348
52364
52468
52493
52512
52582
52613
52661
52665
52717
52764
52818
52851
52924
53041
53086
53174
53236
53245
53298
53334
53387
53388
53389
53425
53426
53490
53513
53530
53606
53625
53626
53654
53655
53734
53786
53794
53817
53831
53832
53895
53941
54063
54141
54434
54535
55001
55154
56362
